0	25.205	79.1288
15	25.205	79.1288
30	25.205	79.1288
45	25.205	79.1288
60	25.205	79.1288
75	25.205	79.1288
90	25.205	79.1288
105	25.205	79.1288
120	25.205	79.1288
135	25.205	79.1288
150	25.205	79.1288
165	25.205	79.1288
180	25.205	79.1288
195	25.205	79.1288
210	25.205	79.1288
225	25.205	79.1288
240	25.205	79.1288
255	25.205	79.1288
270	25.205	79.1288
285	25.205	79.1288
300	25.205	79.1288
315	25.205	79.1288
330	25.205	79.1288
345	25.205	79.1288
360	25.205	79.1288
375	25.205	79.1288
390	25.205	79.1288
405	25.205	79.1288
420	25.205	79.1288
435	25.205	79.1288
450	25.205	79.1288
465	25.205	79.1288
480	25.205	79.1288
495	25.205	79.1288
510	25.205	79.1288
525	25.205	79.1288
540	25.205	79.1288
555	25.205	79.1288
570	25.205	79.1288
585	25.205	79.1288
600	25.205	79.1288
615	25.205	79.1288
630	25.205	79.1288
645	25.205	79.1288
660	25.205	79.1288
675	25.205	79.1288
690	25.205	79.1288
705	25.205	79.1288
720	25.205	79.1288
735	25.205	79.1288
750	25.205	79.1288
765	25.205	79.1288
780	25.205	79.1288
795	25.205	79.1288
810	25.205	79.1288
825	25.205	79.1288
840	25.205	79.1288
855	25.205	79.1288
870	25.205	79.1288
885	25.205	79.1288
900	25.205	79.1288
915	25.205	79.1288
930	25.205	79.1288
945	25.205	79.1288
960	25.205	79.1288
975	25.205	79.1288
990	25.205	79.1288
1005	25.205	79.1288
1020	25.205	79.1288
1035	25.205	79.1288
1050	25.205	79.1288
1065	25.205	79.1288
1080	25.205	79.1288
1095	25.205	79.1288
1110	25.205	79.1288
1125	25.205	79.1288
1140	25.205	79.1288
1155	25.205	79.1288
1170	25.205	79.1288
1185	25.205	79.1288
1200	25.205	79.1288
1215	25.205	79.1288
1230	25.205	79.1288
1245	25.205	79.1288
1260	25.205	79.1288
1275	25.205	79.1288
1290	25.205	79.1288
1305	25.205	79.1288
1320	25.205	79.1288
1335	25.205	79.1288
1350	25.205	79.1288
1365	25.205	79.1288
1380	25.205	79.1288
1395	25.205	79.1288
1410	25.205	79.1288
1425	25.205	79.1288
1440	25.205	79.1288
1455	25.205	79.1288
1470	25.205	79.1288
1485	25.205	79.1288
1500	25.205	79.1288
1515	25.205	79.1288
1530	25.205	79.1288
1545	25.205	79.1288
1560	25.205	79.1288
1575	25.205	79.1288
1590	25.205	79.1288
1605	25.205	79.1288
1620	25.205	79.1288
1635	25.205	79.1288
1650	25.205	79.1288
1665	25.205	79.1288
1680	25.205	79.1288
1695	25.205	79.1288
1710	25.205	79.1288
1725	25.205	79.1288
1740	25.205	79.1288
1755	25.205	79.1288
1770	25.205	79.1288
1785	25.205	79.1288
1800	25.205	79.1288
1815	25.205	79.1288
1830	25.205	79.1288
1845	25.205	79.1288
1860	25.205	79.1288
1875	25.205	79.1288
1890	25.205	79.1288
1905	25.205	79.1288
1920	25.205	79.1288
1935	25.205	79.1288
1950	25.205	79.1288
1965	25.205	79.1288
1980	25.205	79.1288
1995	25.205	79.1288
2010	25.205	79.1288
2025	25.205	79.1288
2040	25.205	79.1288
2055	25.205	79.1288
2070	25.205	79.1288
2085	25.205	79.1288
2100	25.205	79.1288
2115	25.205	79.1288
2130	25.205	79.1288
2145	25.205	79.1288
2160	25.205	79.1288
2175	25.205	79.1288
2190	25.205	79.1288
2205	25.205	79.1288
2220	25.205	79.1288
2235	25.205	79.1288
2250	25.205	79.1288
2265	25.205	79.1288
2280	25.205	79.1288
2295	25.205	79.1288
2310	25.205	79.1288
2325	25.205	79.1288
2340	25.205	79.1288
2355	25.205	79.1288
2370	25.205	79.1288
2385	25.205	79.1288
2400	25.205	79.1288
2415	25.205	79.1288
2430	25.205	79.1288
2445	25.205	79.1288
2460	25.205	79.1288
2475	25.205	79.1288
2490	25.205	79.1288
2505	25.205	79.1288
2520	25.205	79.1288
2535	25.205	79.1288
2550	25.205	79.1288
2565	25.205	79.1288
2580	25.205	79.1288
2595	25.205	79.1288
2610	25.205	79.1288
2625	25.205	79.1288
2640	25.205	79.1288
2655	25.205	79.1288
2670	25.205	79.1288
2685	25.205	79.1288
2700	25.205	79.1288
2715	25.205	79.1288
2730	25.205	79.1288
2745	25.205	79.1288
2760	25.205	79.1288
2775	25.205	79.1288
2790	25.205	79.1288
2805	25.205	79.1288
2820	25.205	79.1288
2835	25.205	79.1288
2850	25.205	79.1288
2865	25.205	79.1288
2880	25.205	79.1288
2895	25.205	79.1288
2910	25.205	79.1288
2925	25.205	79.1288
2940	25.205	79.1288
2955	25.205	79.1288
2970	25.205	79.1288
2985	25.205	79.1288
3000	25.205	79.1288
3015	25.205	79.1288
3030	25.205	79.1288
3045	25.205	79.1288
3060	25.205	79.1288
3075	25.205	79.1288
3090	25.205	79.1288
3105	25.205	79.1288
3120	25.205	79.1288
3135	25.205	79.1288
3150	25.205	79.1288
3165	25.205	79.1288
3180	25.205	79.1288
3195	25.205	79.1288
3210	25.205	79.1288
3225	25.205	79.1288
3240	25.205	79.1288
3255	25.205	79.1288
3270	25.205	79.1288
3285	25.205	79.1288
3300	25.205	79.1288
3315	25.205	79.1288
3330	25.205	79.1288
3345	25.205	79.1288
3360	25.205	79.1288
3375	25.205	79.1288
3390	25.205	79.1288
3405	25.205	79.1288
3420	25.205	79.1288
3435	25.205	79.1288
3450	25.205	79.1288
3465	25.205	79.1288
3480	25.205	79.1288
3495	25.205	79.1288
3510	25.205	79.1288
3525	25.205	79.1288
3540	25.205	79.1288
3555	25.205	79.1288
3570	25.205	79.1288
3585	25.205	79.1288
3600	25.205	79.1288
3615	25.205	79.1288
3630	25.205	79.1288
3645	25.205	79.1288
3660	25.205	79.1288
3675	25.205	79.1288
3690	25.205	79.1288
3705	25.205	79.1288
3720	25.205	79.1288
3735	25.205	79.1288
3750	25.205	79.1288
3765	25.205	79.1288
3780	25.205	79.1288
3795	25.205	79.1288
3810	25.205	79.1288
3825	25.205	79.1288
3840	25.205	79.1288
3855	25.205	79.1288
3870	25.205	79.1288
3885	25.205	79.1288
3900	25.205	79.1288
3915	25.205	79.1288
3930	25.205	79.1288
3945	25.205	79.1288
3960	25.205	79.1288
3975	25.205	79.1288
3990	25.205	79.1288
4005	25.205	79.1288
4020	25.205	79.1288
4035	25.205	79.1288
4050	25.205	79.1288
4065	25.205	79.1288
4080	25.205	79.1288
4095	25.205	79.1288
4110	25.205	79.1288
4125	25.205	79.1288
4140	25.205	79.1288
4155	25.205	79.1288
4170	25.205	79.1288
4185	25.205	79.1288
4200	25.205	79.1288
4215	25.205	79.1288
4230	25.205	79.1288
4245	25.205	79.1288
4260	25.205	79.1288
4275	25.205	79.1288
4290	25.205	79.1288
4305	25.205	79.1288
4320	25.205	79.1288
4335	25.205	79.1288
4350	25.205	79.1288
4365	25.205	79.1288
4380	25.205	79.1288
4395	25.205	79.1288
4410	25.205	79.1288
4425	25.205	79.1288
4440	25.205	79.1288
4455	25.205	79.1288
4470	25.205	79.1288
4485	25.205	79.1288
4500	25.205	79.1288
4515	25.205	79.1288
4530	25.205	79.1288
4545	25.205	79.1288
4560	25.205	79.1288
4575	25.205	79.1288
4590	25.205	79.1288
4605	25.205	79.1288
4620	25.205	79.1288
4635	25.205	79.1288
4650	25.205	79.1288
4665	25.205	79.1288
4680	25.205	79.1288
4695	25.205	79.1288
4710	25.205	79.1288
4725	25.205	79.1288
4740	25.205	79.1288
4755	25.205	79.1288
4770	25.205	79.1288
4785	25.205	79.1288
4800	25.205	79.1288
4815	25.205	79.1288
4830	25.205	79.1288
4845	25.205	79.1288
4860	25.205	79.1288
4875	25.205	79.1288
4890	25.205	79.1288
4905	25.205	79.1288
4920	25.205	79.1288
4935	25.205	79.1288
4950	25.205	79.1288
4965	25.205	79.1288
4980	25.205	79.1288
4995	25.205	79.1288
5010	25.205	79.1288
5025	25.205	79.1288
5040	25.205	79.1288
5055	25.205	79.1288
5070	25.205	79.1288
5085	25.205	79.1288
5100	25.205	79.1288
5115	25.205	79.1288
5130	25.205	79.1288
5145	25.205	79.1288
5160	25.205	79.1288
5175	25.205	79.1288
5190	25.205	79.1288
5205	25.205	79.1288
5220	25.205	79.1288
5235	25.205	79.1288
5250	25.205	79.1288
5265	25.205	79.1288
5280	25.205	79.1288
5295	25.205	79.1288
5310	25.205	79.1288
5325	25.205	79.1288
5340	25.205	79.1288
5355	25.205	79.1288
5370	25.205	79.1288
5385	25.205	79.1288
5400	25.205	79.1288
5415	25.205	79.1288
5430	25.205	79.1288
5445	25.205	79.1288
5460	25.205	79.1288
5475	25.205	79.1288
5490	25.205	79.1288
5505	25.205	79.1288
5520	25.205	79.1288
5535	25.205	79.1288
5550	25.205	79.1288
5565	25.205	79.1288
5580	25.205	79.1288
5595	25.205	79.1288
5610	25.205	79.1288
5625	25.205	79.1288
5640	25.205	79.1288
5655	25.205	79.1288
5670	25.205	79.1288
5685	25.205	79.1288
5700	25.205	79.1288
5715	25.205	79.1288
5730	25.205	79.1288
5745	25.205	79.1288
5760	25.205	79.1288
5775	25.205	79.1288
5790	25.205	79.1288
5805	25.205	79.1288
5820	25.205	79.1288
5835	25.205	79.1288
5850	25.205	79.1288
5865	25.205	79.1288
5880	25.205	79.1288
5895	25.205	79.1288
5910	25.205	79.1288
5925	25.205	79.1288
5940	25.205	79.1288
5955	25.205	79.1288
5970	25.205	79.1288
5985	25.205	79.1288
6000	25.205	79.1288
6015	25.205	79.1288
6030	25.205	79.1288
6045	25.205	79.1288
6060	25.205	79.1288
6075	25.205	79.1288
6090	25.205	79.1288
6105	25.205	79.1288
6120	25.205	79.1288
6135	25.205	79.1288
6150	25.205	79.1288
6165	25.205	79.1288
6180	25.205	79.1288
6195	25.205	79.1288
6210	25.205	79.1288
6225	25.205	79.1288
6240	25.205	79.1288
6255	25.205	79.1288
6270	25.205	79.1288
6285	25.205	79.1288
6300	25.205	79.1288
6315	25.205	79.1288
6330	25.205	79.1288
6345	25.205	79.1288
6360	25.205	79.1288
6375	25.205	79.1288
6390	25.205	79.1288
6405	25.205	79.1288
6420	25.205	79.1288
6435	25.205	79.1288
6450	25.205	79.1288
6465	25.205	79.1288
6480	25.205	79.1288
6495	25.205	79.1288
6510	25.205	79.1288
6525	25.205	79.1288
6540	25.205	79.1288
6555	25.205	79.1288
6570	25.205	79.1288
6585	25.205	79.1288
6600	25.205	79.1288
6615	25.205	79.1288
6630	25.205	79.1288
6645	25.205	79.1288
6660	25.205	79.1288
6675	25.205	79.1288
6690	25.205	79.1288
6705	25.205	79.1288
6720	25.205	79.1288
6735	25.205	79.1288
6750	25.205	79.1288
6765	25.205	79.1288
6780	25.205	79.1288
6795	25.205	79.1288
6810	25.205	79.1288
6825	25.205	79.1288
6840	25.205	79.1288
6855	25.205	79.1288
6870	25.205	79.1288
6885	25.205	79.1288
6900	25.205	79.1288
6915	25.205	79.1288
6930	25.205	79.1288
6945	25.205	79.1288
6960	25.205	79.1288
6975	25.205	79.1288
6990	25.205	79.1288
7005	25.205	79.1288
7020	25.205	79.1288
7035	25.205	79.1288
7050	25.205	79.1288
7065	25.205	79.1288
7080	25.205	79.1288
7095	25.205	79.1288
7110	25.205	79.1288
7125	25.205	79.1288
7140	25.205	79.1288
7155	25.205	79.1288
7170	25.205	79.1288
7185	25.205	79.1288
7200	25.205	79.1288
7215	25.205	79.1288
7230	25.205	79.1288
7245	25.205	79.1288
7260	25.205	79.1288
7275	25.205	79.1288
7290	25.205	79.1288
7305	25.205	79.1288
7320	25.205	79.1288
7335	25.205	79.1288
7350	25.205	79.1288
7365	25.205	79.1288
7380	25.205	79.1288
7395	25.205	79.1288
7410	25.205	79.1288
7425	25.205	79.1288
7440	25.205	79.1288
7455	25.205	79.1288
7470	25.205	79.1288
7485	25.205	79.1288
7500	25.205	79.1288
7515	25.205	79.1288
7530	25.205	79.1288
7545	25.205	79.1288
7560	25.205	79.1288
7575	25.205	79.1288
7590	25.205	79.1288
7605	25.205	79.1288
7620	25.205	79.1288
7635	25.205	79.1288
7650	25.205	79.1288
7665	25.205	79.1288
7680	25.205	79.1288
7695	25.205	79.1288
7710	25.205	79.1288
7725	25.205	79.1288
7740	25.205	79.1288
7755	25.205	79.1288
7770	25.205	79.1288
7785	25.205	79.1288
7800	25.205	79.1288
7815	25.205	79.1288
7830	25.205	79.1288
7845	25.205	79.1288
7860	25.205	79.1288
7875	25.205	79.1288
7890	25.205	79.1288
7905	25.205	79.1288
7920	25.205	79.1288
7935	25.205	79.1288
7950	25.205	79.1288
7965	25.205	79.1288
7980	25.205	79.1288
7995	25.205	79.1288
8010	25.205	79.1288
8025	25.205	79.1288
8040	25.205	79.1288
8055	25.205	79.1288
8070	25.205	79.1288
8085	25.205	79.1288
8100	25.205	79.1288
8115	25.205	79.1288
8130	25.205	79.1288
8145	25.205	79.1288
8160	25.205	79.1288
8175	25.205	79.1288
8190	25.205	79.1288
8205	25.205	79.1288
8220	25.205	79.1288
8235	25.205	79.1288
8250	25.205	79.1288
8265	25.205	79.1288
8280	25.205	79.1288
8295	25.205	79.1288
8310	25.205	79.1288
8325	25.205	79.1288
8340	25.205	79.1288
8355	25.205	79.1288
8370	25.205	79.1288
8385	25.205	79.1288
8400	25.205	79.1288
8415	25.205	79.1288
8430	25.205	79.1288
8445	25.205	79.1288
8460	25.205	79.1288
8475	25.205	79.1288
8490	25.205	79.1288
8505	25.205	79.1288
8520	25.205	79.1288
8535	25.205	79.1288
8550	25.205	79.1288
8565	25.205	79.1288
8580	25.205	79.1288
8595	25.205	79.1288
8610	25.205	79.1288
8625	25.205	79.1288
8640	25.205	79.1288
8655	25.205	79.1288
8670	25.205	79.1288
8685	25.205	79.1288
8700	25.205	79.1288
8715	25.205	79.1288
8730	25.205	79.1288
8745	25.205	79.1288
8760	25.205	79.1288
8775	25.205	79.1288
8790	25.205	79.1288
8805	25.205	79.1288
8820	25.205	79.1288
8835	25.205	79.1288
8850	25.205	79.1288
8865	25.205	79.1288
8880	25.205	79.1288
8895	25.205	79.1288
8910	25.205	79.1288
8925	25.205	79.1288
8940	25.205	79.1288
8955	25.205	79.1288
8970	25.205	79.1288
8985	25.205	79.1288
9000	25.205	79.1288
9015	25.205	79.1288
9030	25.205	79.1288
9045	25.205	79.1288
9060	25.205	79.1288
9075	25.205	79.1288
9090	25.205	79.1288
9105	25.205	79.1288
9120	25.205	79.1288
9135	25.205	79.1288
9150	25.205	79.1288
9165	25.205	79.1288
9180	25.205	79.1288
9195	25.205	79.1288
9210	25.205	79.1288
9225	25.205	79.1288
9240	25.205	79.1288
9255	25.205	79.1288
9270	25.205	79.1288
9285	25.205	79.1288
9300	25.205	79.1288
9315	25.205	79.1288
9330	25.205	79.1288
9345	25.205	79.1288
9360	25.205	79.1288
9375	25.205	79.1288
9390	25.205	79.1288
9405	25.205	79.1288
9420	25.205	79.1288
9435	25.205	79.1288
9450	25.205	79.1288
9465	25.205	79.1288
9480	25.205	79.1288
9495	25.205	79.1288
9510	25.205	79.1288
9525	25.205	79.1288
9540	25.205	79.1288
9555	25.205	79.1288
9570	25.205	79.1288
9585	25.205	79.1288
9600	25.205	79.1288
9615	25.205	79.1288
9630	25.205	79.1288
9645	25.205	79.1288
9660	25.205	79.1288
9675	25.205	79.1288
9690	25.205	79.1288
9705	25.205	79.1288
9720	25.205	79.1288
9735	25.205	79.1288
9750	25.205	79.1288
9765	25.205	79.1288
9780	25.205	79.1288
9795	25.205	79.1288
9810	25.205	79.1288
9825	25.205	79.1288
9840	25.205	79.1288
9855	25.205	79.1288
9870	25.205	79.1288
9885	25.205	79.1288
9900	25.205	79.1288
9915	25.205	79.1288
9930	25.205	79.1288
9945	25.205	79.1288
9960	25.205	79.1288
9975	25.205	79.1288
9990	25.205	79.1288
10005	25.205	79.1288
10020	25.205	79.1288
10035	25.205	79.1288
10050	25.205	79.1288
10065	25.205	79.1288
10080	25.205	79.1288
10095	25.205	79.1288
10110	25.205	79.1288
10125	25.205	79.1288
10140	25.205	79.1288
10155	25.205	79.1288
10170	25.205	79.1288
10185	25.205	79.1288
10200	25.205	79.1288
10215	25.205	79.1288
10230	25.205	79.1288
10245	25.205	79.1288
10260	25.205	79.1288
10275	25.205	79.1288
10290	25.205	79.1288
10305	25.205	79.1288
10320	25.205	79.1288
10335	25.205	79.1288
10350	25.205	79.1288
10365	25.205	79.1288
10380	25.205	79.1288
10395	25.205	79.1288
10410	25.205	79.1288
10425	25.205	79.1288
10440	25.205	79.1288
10455	25.205	79.1288
10470	25.205	79.1288
10485	25.205	79.1288
10500	25.205	79.1288
10515	25.205	79.1288
10530	25.205	79.1288
10545	25.205	79.1288
10560	25.205	79.1288
10575	25.205	79.1288
10590	25.205	79.1288
10605	25.205	79.1288
10620	25.205	79.1288
10635	25.205	79.1288
10650	25.205	79.1288
10665	25.205	79.1288
10680	25.205	79.1288
10695	25.205	79.1288
10710	25.205	79.1288
10725	25.205	79.1288
10740	25.205	79.1288
10755	25.205	79.1288
10770	25.205	79.1288
10785	25.205	79.1288
10800	25.205	79.1288
10815	25.205	79.1288
10830	25.205	79.1288
10845	25.205	79.1288
10860	25.205	79.1288
10875	25.205	79.1288
10890	25.205	79.1288
10905	25.205	79.1288
10920	25.205	79.1288
10935	25.205	79.1288
10950	25.205	79.1288
10965	25.205	79.1288
10980	25.205	79.1288
10995	25.205	79.1288
11010	25.205	79.1288
11025	25.205	79.1288
11040	25.205	79.1288
11055	25.205	79.1288
11070	25.205	79.1288
11085	25.205	79.1288
11100	25.205	79.1288
11115	25.205	79.1288
11130	25.205	79.1288
11145	25.205	79.1288
11160	25.205	79.1288
11175	25.205	79.1288
11190	25.205	79.1288
11205	25.205	79.1288
11220	25.205	79.1288
11235	25.205	79.1288
11250	25.205	79.1288
11265	25.205	79.1288
11280	25.205	79.1288
11295	25.205	79.1288
11310	25.205	79.1288
11325	25.205	79.1288
11340	25.205	79.1288
11355	25.205	79.1288
11370	25.205	79.1288
11385	25.205	79.1288
11400	25.205	79.1288
11415	25.205	79.1288
11430	25.205	79.1288
11445	25.205	79.1288
11460	25.205	79.1288
11475	25.205	79.1288
11490	25.205	79.1288
11505	25.205	79.1288
11520	25.205	79.1288
11535	25.205	79.1288
11550	25.205	79.1288
11565	25.205	79.1288
11580	25.205	79.1288
11595	25.205	79.1288
11610	25.205	79.1288
11625	25.205	79.1288
11640	25.205	79.1288
11655	25.205	79.1288
11670	25.205	79.1288
11685	25.205	79.1288
11700	25.205	79.1288
11715	25.205	79.1288
11730	25.205	79.1288
11745	25.205	79.1288
11760	25.205	79.1288
11775	25.205	79.1288
11790	25.205	79.1288
11805	25.205	79.1288
11820	25.205	79.1288
11835	25.205	79.1288
11850	25.205	79.1288
11865	25.205	79.1288
11880	25.205	79.1288
11895	25.205	79.1288
11910	25.205	79.1288
11925	25.205	79.1288
11940	25.205	79.1288
11955	25.205	79.1288
11970	25.205	79.1288
11985	25.205	79.1288
12000	25.205	79.1288
12015	25.205	79.1288
12030	25.205	79.1288
12045	25.205	79.1288
12060	25.205	79.1288
12075	25.205	79.1288
12090	25.205	79.1288
12105	25.205	79.1288
12120	25.205	79.1288
12135	25.205	79.1288
12150	25.205	79.1288
12165	25.205	79.1288
12180	25.205	79.1288
12195	25.205	79.1288
12210	25.205	79.1288
12225	25.205	79.1288
12240	25.205	79.1288
12255	25.205	79.1288
12270	25.205	79.1288
12285	25.205	79.1288
12300	25.205	79.1288
12315	25.205	79.1288
12330	25.205	79.1288
12345	25.205	79.1288
12360	25.205	79.1288
12375	25.205	79.1288
12390	25.205	79.1288
12405	25.205	79.1288
12420	25.205	79.1288
12435	25.205	79.1288
12450	25.205	79.1288
12465	25.205	79.1288
12480	25.205	79.1288
12495	25.205	79.1288
12510	25.205	79.1288
12525	25.205	79.1288
12540	25.205	79.1288
12555	25.205	79.1288
12570	25.205	79.1288
12585	25.205	79.1288
12600	25.205	79.1288
12615	25.205	79.1288
12630	25.205	79.1288
12645	25.205	79.1288
12660	25.205	79.1288
12675	25.205	79.1288
12690	25.205	79.1288
12705	25.205	79.1288
12720	25.205	79.1288
12735	25.205	79.1288
12750	25.205	79.1288
12765	25.205	79.1288
12780	25.205	79.1288
12795	25.205	79.1288
12810	25.205	79.1288
12825	25.205	79.1288
12840	25.205	79.1288
12855	25.205	79.1288
12870	25.205	79.1288
12885	25.205	79.1288
12900	25.205	79.1288
12915	25.205	79.1288
12930	25.205	79.1288
12945	25.205	79.1288
12960	25.205	79.1288
12975	25.205	79.1288
12990	25.205	79.1288
13005	25.205	79.1288
13020	25.205	79.1288
13035	25.205	79.1288
13050	25.205	79.1288
13065	25.205	79.1288
13080	25.205	79.1288
13095	25.205	79.1288
13110	25.205	79.1288
13125	25.205	79.1288
13140	25.205	79.1288
13155	25.205	79.1288
13170	25.205	79.1288
13185	25.205	79.1288
13200	25.205	79.1288
13215	25.205	79.1288
13230	25.205	79.1288
13245	25.205	79.1288
13260	25.205	79.1288
13275	25.205	79.1288
13290	25.205	79.1288
13305	25.205	79.1288
13320	25.205	79.1288
13335	25.205	79.1288
13350	25.205	79.1288
13365	25.205	79.1288
13380	25.205	79.1288
13395	25.205	79.1288
13410	25.205	79.1288
13425	25.205	79.1288
13440	25.205	79.1288
13455	25.205	79.1288
13470	25.205	79.1288
13485	25.205	79.1288
13500	25.205	79.1288
13515	25.205	79.1288
13530	25.205	79.1288
13545	25.205	79.1288
13560	25.205	79.1288
13575	25.205	79.1288
13590	25.205	79.1288
13605	25.205	79.1288
13620	25.205	79.1288
13635	25.205	79.1288
13650	25.205	79.1288
13665	25.205	79.1288
13680	25.205	79.1288
13695	25.205	79.1288
13710	25.205	79.1288
13725	25.205	79.1288
13740	25.205	79.1288
13755	25.205	79.1288
13770	25.205	79.1288
13785	25.205	79.1288
13800	25.205	79.1288
13815	25.205	79.1288
13830	25.205	79.1288
13845	25.205	79.1288
13860	25.205	79.1288
13875	25.205	79.1288
13890	25.205	79.1288
13905	25.205	79.1288
13920	25.205	79.1288
13935	25.205	79.1288
13950	25.205	79.1288
13965	25.205	79.1288
13980	25.205	79.1288
13995	25.205	79.1288
14010	25.205	79.1288
14025	25.205	79.1288
14040	25.205	79.1288
14055	25.205	79.1288
14070	25.205	79.1288
14085	25.205	79.1288
14100	25.205	79.1288
14115	25.205	79.1288
14130	25.205	79.1288
14145	25.205	79.1288
14160	25.205	79.1288
14175	25.205	79.1288
14190	25.205	79.1288
14205	25.205	79.1288
14220	25.205	79.1288
14235	25.205	79.1288
14250	25.205	79.1288
14265	25.205	79.1288
14280	25.205	79.1288
14295	25.205	79.1288
14310	25.205	79.1288
14325	25.205	79.1288
14340	25.205	79.1288
14355	25.205	79.1288
14370	25.205	79.1288
14385	25.205	79.1288
14400	25.205	79.1288
14415	25.205	79.1288
14430	25.205	79.1288
14445	25.205	79.1288
14460	25.205	79.1288
14475	25.205	79.1288
14490	25.205	79.1288
14505	25.205	79.1288
14520	25.205	79.1288
14535	25.205	79.1288
14550	25.205	79.1288
14565	25.205	79.1288
14580	25.205	79.1288
14595	25.205	79.1288
14610	25.205	79.1288
14625	25.205	79.1288
14640	25.205	79.1288
14655	25.205	79.1288
14670	25.205	79.1288
14685	25.205	79.1288
14700	25.205	79.1288
14715	25.205	79.1288
14730	25.205	79.1288
14745	25.205	79.1288
14760	25.205	79.1288
14775	25.205	79.1288
14790	25.205	79.1288
14805	25.205	79.1288
14820	25.205	79.1288
14835	25.205	79.1288
14850	25.205	79.1288
14865	25.205	79.1288
14880	25.205	79.1288
14895	25.205	79.1288
14910	25.205	79.1288
14925	25.205	79.1288
14940	25.205	79.1288
14955	25.205	79.1288
14970	25.205	79.1288
14985	25.205	79.1288
15000	25.205	79.1288
15015	25.205	79.1288
15030	25.205	79.1288
15045	25.205	79.1288
15060	25.205	79.1288
15075	25.205	79.1288
15090	25.205	79.1288
15105	25.205	79.1288
15120	25.205	79.1288
15135	25.205	79.1288
15150	25.205	79.1288
15165	25.205	79.1288
15180	25.205	79.1288
15195	25.205	79.1288
15210	25.205	79.1288
15225	25.205	79.1288
15240	25.205	79.1288
15255	25.205	79.1288
15270	25.205	79.1288
15285	25.205	79.1288
15300	25.205	79.1288
15315	25.205	79.1288
15330	25.205	79.1288
15345	25.205	79.1288
15360	25.205	79.1288
15375	25.205	79.1288
15390	25.205	79.1288
15405	25.205	79.1288
15420	25.205	79.1288
15435	25.205	79.1288
15450	25.205	79.1288
15465	25.205	79.1288
15480	25.205	79.1288
15495	25.205	79.1288
15510	25.205	79.1288
15525	25.205	79.1288
15540	25.205	79.1288
15555	25.205	79.1288
15570	25.205	79.1288
15585	25.205	79.1288
15600	25.205	79.1288
15615	25.205	79.1288
15630	25.205	79.1288
15645	25.205	79.1288
15660	25.205	79.1288
15675	25.205	79.1288
15690	25.205	79.1288
15705	25.205	79.1288
15720	25.205	79.1288
15735	25.205	79.1288
15750	25.205	79.1288
15765	25.205	79.1288
15780	25.205	79.1288
15795	25.205	79.1288
15810	25.205	79.1288
15825	25.205	79.1288
15840	25.205	79.1288
15855	25.205	79.1288
15870	25.205	79.1288
15885	25.205	79.1288
15900	25.205	79.1288
15915	25.205	79.1288
15930	25.205	79.1288
15945	25.205	79.1288
15960	25.205	79.1288
15975	25.205	79.1288
15990	25.205	79.1288
16005	25.205	79.1288
16020	25.205	79.1288
16035	25.205	79.1288
16050	25.205	79.1288
16065	25.205	79.1288
16080	25.205	79.1288
16095	25.205	79.1288
16110	25.205	79.1288
16125	25.205	79.1288
16140	25.205	79.1288
16155	25.205	79.1288
16170	25.205	79.1288
16185	25.205	79.1288
16200	25.205	79.1288
16215	25.205	79.1288
16230	25.205	79.1288
16245	25.205	79.1288
16260	25.205	79.1288
16275	25.205	79.1288
16290	25.205	79.1288
16305	25.205	79.1288
16320	25.205	79.1288
16335	25.205	79.1288
16350	25.205	79.1288
16365	25.205	79.1288
16380	25.205	79.1288
16395	25.205	79.1288
16410	25.205	79.1288
16425	25.205	79.1288
16440	25.205	79.1288
16455	25.205	79.1288
16470	25.205	79.1288
16485	25.205	79.1288
16500	25.205	79.1288
16515	25.205	79.1288
16530	25.205	79.1288
16545	25.205	79.1288
16560	25.205	79.1288
16575	25.205	79.1288
16590	25.205	79.1288
16605	25.205	79.1288
16620	25.205	79.1288
16635	25.205	79.1288
16650	25.205	79.1288
16665	25.205	79.1288
16680	25.205	79.1288
16695	25.205	79.1288
16710	25.205	79.1288
16725	25.205	79.1288
16740	25.205	79.1288
16755	25.205	79.1288
16770	25.205	79.1288
16785	25.205	79.1288
16800	25.205	79.1288
16815	25.205	79.1288
16830	25.205	79.1288
16845	25.205	79.1288
16860	25.205	79.1288
16875	25.205	79.1288
16890	25.205	79.1288
16905	25.205	79.1288
16920	25.205	79.1288
16935	25.205	79.1288
16950	25.205	79.1288
16965	25.205	79.1288
16980	25.205	79.1288
16995	25.205	79.1288
17010	25.205	79.1288
17025	25.205	79.1288
17040	25.205	79.1288
17055	25.205	79.1288
17070	25.205	79.1288
17085	25.205	79.1288
17100	25.205	79.1288
17115	25.205	79.1288
17130	25.205	79.1288
17145	25.205	79.1288
17160	25.205	79.1288
17175	25.205	79.1288
17190	25.205	79.1288
17205	25.205	79.1288
17220	25.205	79.1288
17235	25.205	79.1288
17250	25.205	79.1288
17265	25.205	79.1288
17280	25.205	79.1288
17295	25.205	79.1288
17310	25.205	79.1288
17325	25.205	79.1288
17340	25.205	79.1288
17355	25.205	79.1288
17370	25.205	79.1288
17385	25.205	79.1288
17400	25.205	79.1288
17415	25.205	79.1288
17430	25.205	79.1288
17445	25.205	79.1288
17460	25.205	79.1288
17475	25.205	79.1288
17490	25.205	79.1288
17505	25.205	79.1288
17520	25.205	79.1288
17535	25.205	79.1288
17550	25.205	79.1288
17565	25.205	79.1288
17580	25.205	79.1288
17595	25.205	79.1288
17610	25.205	79.1288
17625	25.205	79.1288
17640	25.205	79.1288
17655	25.205	79.1288
17670	25.205	79.1288
17685	25.205	79.1288
17700	25.205	79.1288
17715	25.205	79.1288
17730	25.205	79.1288
17745	25.205	79.1288
17760	25.205	79.1288
17775	25.205	79.1288
17790	25.205	79.1288
17805	25.205	79.1288
17820	25.205	79.1288
17835	25.205	79.1288
17850	25.205	79.1288
17865	25.205	79.1288
17880	25.205	79.1288
17895	25.205	79.1288
17910	25.205	79.1288
17925	25.205	79.1288
17940	25.205	79.1288
17955	25.205	79.1288
17970	25.205	79.1288
17985	25.205	79.1288
18000	25.205	79.1288
18015	25.205	79.1288
18030	25.205	79.1288
18045	25.205	79.1288
18060	25.205	79.1288
18075	25.205	79.1288
18090	25.205	79.1288
18105	25.205	79.1288
18120	25.205	79.1288
18135	25.205	79.1288
18150	25.205	79.1288
18165	25.205	79.1288
18180	25.205	79.1288
18195	25.205	79.1288
18210	25.205	79.1288
18225	25.205	79.1288
18240	25.205	79.1288
18255	25.205	79.1288
18270	25.205	79.1288
18285	25.205	79.1288
18300	25.205	79.1288
18315	25.205	79.1288
18330	25.205	79.1288
18345	25.205	79.1288
18360	25.205	79.1288
18375	25.205	79.1288
18390	25.205	79.1288
18405	25.205	79.1288
18420	25.205	79.1288
18435	25.205	79.1288
18450	25.205	79.1288
18465	25.205	79.1288
18480	25.205	79.1288
18495	25.205	79.1288
18510	25.205	79.1288
18525	25.205	79.1288
18540	25.205	79.1288
18555	25.205	79.1288
18570	25.205	79.1288
18585	25.205	79.1288
18600	25.205	79.1288
18615	25.205	79.1288
18630	25.205	79.1288
18645	25.205	79.1288
18660	25.205	79.1288
18675	25.205	79.1288
18690	25.205	79.1288
18705	25.205	79.1288
18720	25.205	79.1288
18735	25.205	79.1288
18750	25.205	79.1288
18765	25.205	79.1288
18780	25.205	79.1288
18795	25.205	79.1288
18810	25.205	79.1288
18825	25.205	79.1288
18840	25.205	79.1288
18855	25.205	79.1288
18870	25.205	79.1288
18885	25.205	79.1288
18900	25.205	79.1288
18915	25.205	79.1288
18930	25.205	79.1288
18945	25.205	79.1288
18960	25.205	79.1288
18975	25.205	79.1288
18990	25.205	79.1288
19005	25.205	79.1288
19020	25.205	79.1288
19035	25.205	79.1288
19050	25.205	79.1288
19065	25.205	79.1288
19080	25.205	79.1288
19095	25.205	79.1288
19110	25.205	79.1288
19125	25.205	79.1288
19140	25.205	79.1288
19155	25.205	79.1288
19170	25.205	79.1288
19185	25.205	79.1288
19200	25.205	79.1288
19215	25.205	79.1288
19230	25.205	79.1288
19245	25.205	79.1288
19260	25.205	79.1288
19275	25.205	79.1288
19290	25.205	79.1288
19305	25.205	79.1288
19320	25.205	79.1288
19335	25.205	79.1288
19350	25.205	79.1288
19365	25.205	79.1288
19380	25.205	79.1288
19395	25.205	79.1288
19410	25.205	79.1288
19425	25.205	79.1288
19440	25.205	79.1288
19455	25.205	79.1288
19470	25.205	79.1288
19485	25.205	79.1288
19500	25.205	79.1288
19515	25.205	79.1288
19530	25.205	79.1288
19545	25.205	79.1288
19560	25.205	79.1288
19575	25.205	79.1288
19590	25.205	79.1288
19605	25.205	79.1288
19620	25.205	79.1288
19635	25.205	79.1288
19650	25.205	79.1288
19665	25.205	79.1288
19680	25.205	79.1288
19695	25.205	79.1288
19710	25.205	79.1288
19725	25.205	79.1288
19740	25.205	79.1288
19755	25.205	79.1288
19770	25.205	79.1288
19785	25.205	79.1288
19800	25.205	79.1288
19815	25.205	79.1288
19830	25.205	79.1288
19845	25.205	79.1288
19860	25.205	79.1288
19875	25.205	79.1288
19890	25.205	79.1288
19905	25.205	79.1288
19920	25.205	79.1288
19935	25.205	79.1288
19950	25.205	79.1288
19965	25.205	79.1288
19980	25.205	79.1288
19995	25.205	79.1288
20010	25.205	79.1288
20025	25.205	79.1288
20040	25.205	79.1288
20055	25.205	79.1288
20070	25.205	79.1288
20085	25.205	79.1288
20100	25.205	79.1288
20115	25.205	79.1288
20130	25.205	79.1288
20145	25.205	79.1288
20160	25.205	79.1288
20175	25.205	79.1288
20190	25.205	79.1288
20205	25.205	79.1288
20220	25.205	79.1288
20235	25.205	79.1288
20250	25.205	79.1288
20265	25.205	79.1288
20280	25.205	79.1288
20295	25.205	79.1288
20310	25.205	79.1288
20325	25.205	79.1288
20340	25.205	79.1288
20355	25.205	79.1288
20370	25.205	79.1288
20385	25.205	79.1288
20400	25.205	79.1288
20415	25.205	79.1288
20430	25.205	79.1288
20445	25.205	79.1288
20460	25.205	79.1288
20475	25.205	79.1288
20490	25.205	79.1288
20505	25.205	79.1288
20520	25.205	79.1288
20535	25.205	79.1288
20550	25.205	79.1288
20565	25.205	79.1288
20580	25.205	79.1288
20595	25.205	79.1288
20610	25.205	79.1288
20625	25.205	79.1288
20640	25.205	79.1288
20655	25.205	79.1288
20670	25.205	79.1288
20685	25.205	79.1288
20700	25.205	79.1288
20715	25.205	79.1288
20730	25.205	79.1288
20745	25.205	79.1288
20760	25.205	79.1288
20775	25.205	79.1288
20790	25.205	79.1288
20805	25.205	79.1288
20820	25.205	79.1288
20835	25.205	79.1288
20850	25.205	79.1288
20865	25.205	79.1288
20880	25.205	79.1288
20895	25.205	79.1288
20910	25.205	79.1288
20925	25.205	79.1288
20940	25.205	79.1288
20955	25.205	79.1288
20970	25.205	79.1288
20985	25.205	79.1288
21000	25.205	79.1288
21015	25.205	79.1288
21030	25.205	79.1288
21045	25.205	79.1288
21060	25.205	79.1288
21075	25.205	79.1288
21090	25.205	79.1288
21105	25.205	79.1288
21120	25.205	79.1288
21135	25.205	79.1288
21150	25.205	79.1288
21165	25.205	79.1288
21180	25.205	79.1288
21195	25.205	79.1288
21210	25.205	79.1288
21225	25.205	79.1288
21240	25.205	79.1288
21255	25.205	79.1288
21270	25.205	79.1288
21285	25.205	79.1288
21300	25.205	79.1288
21315	25.205	79.1288
21330	25.205	79.1288
21345	25.205	79.1288
21360	25.205	79.1288
21375	25.205	79.1288
21390	25.205	79.1288
21405	25.205	79.1288
21420	25.205	79.1288
21435	25.205	79.1288
21450	25.205	79.1288
21465	25.205	79.1288
21480	25.205	79.1288
21495	25.205	79.1288
21510	25.205	79.1288
21525	25.205	79.1288
21540	25.205	79.1288
21555	25.205	79.1288
21570	25.205	79.1288
21585	25.205	79.1288
21600	25.205	79.1288
21615	25.201	79.1278
21630	25.197	79.1266
21645	25.1926	79.1254
21660	25.1874	79.1242
21675	25.1816	79.123
21690	25.1758	79.1218
21705	25.1694	79.1206
21720	25.163	79.1194
21735	25.1556	79.1184
21750	25.1476	79.1174
21765	25.1394	79.1164
21780	25.1308	79.1156
21795	25.122	79.1146
21810	25.1144	79.1138
21825	25.107	79.113
21840	25.1006	79.1122
21855	25.0952	79.1114
21870	25.0902	79.1108
21885	25.086	79.1102
21900	25.082	79.1098
21915	25.0782	79.1096
21930	25.075	79.1094
21945	25.0724	79.1092
21960	25.0702	79.1092
21975	25.068	79.1092
21990	25.0666	79.1092
22005	25.0656	79.1094
22020	25.065	79.1094
22035	25.065	79.1096
22050	25.0652	79.1098
22065	25.0658	79.11
22080	25.0666	79.1102
22095	25.0672	79.1104
22110	25.0678	79.1106
22125	25.0684	79.1108
22140	25.069	79.111
22155	25.0696	79.1112
22170	25.0698	79.1112
22185	25.0698	79.1114
22200	25.07	79.1114
22215	25.07	79.1112
22230	25.0698	79.1112
22245	25.0698	79.111
22260	25.069	79.1106
22275	25.0678	79.1102
22290	25.0666	79.1096
22305	25.0648	79.109
22320	25.0632	79.1082
22335	25.0606	79.1074
22350	25.0576	79.1064
22365	25.0544	79.1052
22380	25.051	79.1042
22395	25.0468	79.103
22410	25.0428	79.1016
22425	25.0384	79.1004
22440	25.0336	79.0992
22455	25.0286	79.098
22470	25.0232	79.0966
22485	25.0178	79.0952
22500	25.0124	79.094
22515	25.0072	79.0928
22530	25.002	79.0916
22545	24.9968	79.0906
22560	24.9922	79.0894
22575	24.9882	79.0884
22590	24.9842	79.0876
22605	24.9804	79.0868
22620	24.9768	79.0862
22635	24.974	79.0856
22650	24.9714	79.085
22665	24.9692	79.0846
22680	24.9672	79.0842
22695	24.9658	79.084
22710	24.9644	79.0836
22725	24.9634	79.0834
22740	24.9626	79.083
22755	24.9622	79.0828
22770	24.962	79.0826
22785	24.962	79.0824
22800	24.9624	79.0822
22815	24.963	79.082
22830	24.9638	79.0818
22845	24.9646	79.0816
22860	24.9654	79.0814
22875	24.966	79.0812
22890	24.967	79.0808
22905	24.9678	79.0802
22920	24.9686	79.0796
22935	24.9694	79.079
22950	24.9698	79.078
22965	24.97	79.0772
22980	24.9696	79.076
22995	24.9694	79.0748
23010	24.9688	79.0736
23025	24.9676	79.0722
23040	24.9664	79.0708
23055	24.9646	79.069
23070	24.9622	79.0674
23085	24.9592	79.0654
23100	24.9554	79.0634
23115	24.9514	79.0614
23130	24.947	79.0592
23145	24.942	79.057
23160	24.9368	79.055
23175	24.931	79.0528
23190	24.925	79.0506
23205	24.9184	79.0484
23220	24.9114	79.0462
23235	24.9046	79.044
23250	24.8978	79.042
23265	24.8906	79.04
23280	24.8834	79.0382
23295	24.8766	79.0364
23310	24.8702	79.0348
23325	24.864	79.0332
23340	24.858	79.0316
23355	24.8532	79.03
23370	24.8474	79.0284
23385	24.843	79.0268
23400	24.8388	79.0254
23415	24.8354	79.024
23430	24.8326	79.0228
23445	24.8306	79.0214
23460	24.829	79.0202
23475	24.8278	79.019
23490	24.827	79.0178
23505	24.8266	79.0166
23520	24.8264	79.0152
23535	24.8264	79.014
23550	24.8268	79.0128
23565	24.8274	79.0114
23580	24.8284	79.0102
23595	24.8294	79.0086
23610	24.8304	79.0072
23625	24.8316	79.0056
23640	24.8328	79.0038
23655	24.8344	79.002
23670	24.8358	79
23685	24.8372	78.998
23700	24.8372	78.998
23715	24.8382	78.9958
23730	24.8394	78.9932
23745	24.8404	78.9908
23760	24.8412	78.9882
23775	24.8418	78.9854
23790	24.8414	78.9826
23805	24.8408	78.9798
23820	24.8402	78.9766
23835	24.84	78.9734
23850	24.839	78.97
23865	24.838	78.9666
23880	24.836	78.963
23895	24.8332	78.9596
23910	24.8292	78.956
23925	24.8246	78.9524
23940	24.8198	78.9486
23955	24.8138	78.945
23970	24.8074	78.9412
23985	24.8006	78.9376
24000	24.7934	78.934
24015	24.7862	78.9304
24030	24.7794	78.9268
24045	24.7726	78.9234
24060	24.766	78.92
24075	24.7594	78.9166
24090	24.7532	78.9134
24105	24.748	78.9102
24120	24.7426	78.907
24135	24.7374	78.904
24150	24.7328	78.901
24165	24.7282	78.8982
24180	24.7244	78.8954
24195	24.721	78.8926
24210	24.7182	78.89
24225	24.7158	78.8874
24240	24.7134	78.8835
24255	24.712	78.8796
24270	24.7114	78.8768
24285	24.7116	78.874
24300	24.7118	78.8712
24315	24.7124	78.8682
24330	24.7128	78.8654
24345	24.7132	78.8624
24360	24.7138	78.8592
24375	24.7142	78.856
24390	24.7146	78.8528
24405	24.7154	78.8494
24420	24.716	78.8458
24435	24.7166	78.8422
24450	24.7172	78.8382
24465	24.7176	78.8344
24480	24.7178	78.8304
24495	24.7176	78.8262
24510	24.717	78.8218
24525	24.7158	78.8172
24540	24.7142	78.8126
24555	24.712	78.808
24570	24.7086	78.8032
24585	24.7048	78.7986
24600	24.7004	78.7938
24615	24.6962	78.789
24630	24.6922	78.7844
24645	24.6878	78.7798
24660	24.6838	78.7754
24675	24.6806	78.7708
24690	24.6772	78.7666
24705	24.6734	78.7626
24720	24.6696	78.7586
24735	24.6658	78.7548
24750	24.6624	78.751
24765	24.6588	78.7474
24780	24.6558	78.744
24795	24.6524	78.7408
24810	24.6494	78.7376
24825	24.6464	78.7346
24840	24.6432	78.7318
24855	24.6398	78.7288
24870	24.6368	78.7264
24885	24.6336	78.7242
24900	24.6302	78.722
24915	24.627	78.72
24930	24.6238	78.7182
24945	24.6206	78.7162
24960	24.6176	78.7146
24975	24.6146	78.713
24990	24.6118	78.7116
25005	24.6096	78.71
25020	24.6078	78.7086
25035	24.606	78.7072
25050	24.6056	78.7056
25065	24.6052	78.704
25080	24.6062	78.7022
25095	24.6076	78.7004
25110	24.6094	78.6982
25125	24.6102	78.6958
25140	24.6116	78.6934
25155	24.6138	78.6908
25170	24.6166	78.6882
25185	24.616	78.6856
25200	24.6146	78.6828
25215	24.6138	78.68
25230	24.6146	78.6772
25245	24.6156	78.6742
25260	24.6168	78.6712
25275	24.6188	78.6678
25290	24.6206	78.665
25305	24.6222	78.6618
25320	24.625	78.6584
25335	24.6282	78.655
25350	24.6306	78.6516
25365	24.6324	78.648
25380	24.6338	78.6442
25395	24.6354	78.6406
25410	24.637	78.6368
25425	24.6378	78.6334
25440	24.6392	78.6298
25455	24.6404	78.626
25470	24.6422	78.6226
25485	24.6436	78.619
25500	24.6448	78.6158
25515	24.6454	78.6126
25530	24.6462	78.6096
25545	24.6472	78.6066
25560	24.6478	78.6038
25575	24.648	78.6012
25590	24.647	78.5986
25605	24.646	78.5962
25620	24.6448	78.5938
25635	24.6432	78.5918
25650	24.642	78.5896
25665	24.6412	78.5876
25680	24.6406	78.5854
25695	24.6398	78.5834
25710	24.6388	78.5814
25725	24.638	78.5796
25740	24.6384	78.5776
25755	24.6388	78.5756
25770	24.6396	78.5736
25785	24.641	78.5714
25800	24.6426	78.5692
25815	24.6442	78.567
25830	24.6456	78.5648
25845	24.6476	78.5626
25860	24.6496	78.5602
25875	24.6522	78.5578
25890	24.6552	78.5552
25905	24.658	78.5524
25920	24.6612	78.5498
25935	24.665	78.547
25950	24.665	78.547
25965	24.6688	78.544
25980	24.6726	78.5412
25995	24.6768	78.538
26010	24.6806	78.5348
26025	24.6844	78.5316
26040	24.6882	78.5284
26055	24.6918	78.525
26070	24.6952	78.5216
26085	24.6986	78.5182
26100	24.7016	78.5148
26115	24.7048	78.5112
26130	24.7076	78.5078
26145	24.7104	78.5044
26160	24.713	78.501
26175	24.7154	78.4976
26190	24.7176	78.4944
26205	24.7198	78.491
26220	24.7218	78.488
26235	24.7242	78.4848
26250	24.7262	78.482
26265	24.728	78.4792
26280	24.7298	78.4766
26295	24.7314	78.474
26310	24.733	78.4716
26325	24.7348	78.4694
26340	24.7366	78.4674
26355	24.7366	78.4674
26370	24.7384	78.4656
26385	24.7404	78.4638
26400	24.7424	78.462
26415	24.7446	78.4604
26430	24.7464	78.4588
26445	24.7486	78.4572
26460	24.7504	78.4558
26475	24.7522	78.4544
26490	24.7536	78.453
26505	24.7548	78.4518
26520	24.7562	78.4504
26535	24.7574	78.4492
26550	24.7584	78.4482
26565	24.7592	78.447
26580	24.76	78.446
26595	24.7614	78.445
26610	24.7628	78.444
26625	24.7646	78.4428
26640	24.7666	78.4416
26655	24.7686	78.4404
26670	24.771	78.4392
26685	24.7738	78.438
26700	24.7766	78.4366
26715	24.7804	78.435
26730	24.7844	78.4334
26745	24.7886	78.4316
26760	24.7928	78.4298
26775	24.7972	78.4276
26790	24.801	78.4254
26805	24.8046	78.423
26820	24.8078	78.4206
26835	24.811	78.4182
26850	24.8138	78.4156
26865	24.8166	78.413
26880	24.8192	78.4106
26895	24.8208	78.408
26910	24.823	78.4054
26925	24.8242	78.403
26940	24.8252	78.4004
26955	24.8262	78.398
26970	24.827	78.3956
26985	24.8278	78.3934
27000	24.8286	78.391
27015	24.8294	78.389
27030	24.8304	78.387
27045	24.8312	78.3852
27060	24.8322	78.3834
27075	24.8332	78.382
27090	24.8344	78.3808
27105	24.8358	78.3798
27120	24.8372	78.3788
27135	24.8386	78.3782
27150	24.8398	78.3776
27165	24.841	78.3772
27180	24.8424	78.3769
27195	24.8434	78.3768
27210	24.8436	78.3768
27225	24.8438	78.3768
27240	24.8436	78.377
27255	24.8434	78.377
27270	24.8434	78.3772
27285	24.8434	78.3776
27300	24.8434	78.3778
27315	24.8438	78.378
27330	24.8442	78.378
27345	24.8452	78.378
27360	24.847	78.378
27375	24.849	78.378
27390	24.852	78.3776
27405	24.8552	78.3772
27420	24.859	78.3766
27435	24.863	78.376
27450	24.8674	78.375
27465	24.8724	78.374
27480	24.8772	78.3728
27495	24.8818	78.3716
27510	24.8864	78.3704
27525	24.8933	78.3681
27540	24.9004	78.3658
27555	24.9046	78.3644
27570	24.9086	78.3628
27585	24.9124	78.3614
27600	24.9158	78.3598
27615	24.9188	78.3582
27630	24.922	78.3568
27645	24.9246	78.3554
27660	24.9274	78.354
27675	24.93	78.3528
27690	24.9324	78.3516
27705	24.9344	78.3504
27720	24.9366	78.3494
27735	24.9384	78.3484
27750	24.9402	78.3474
27765	24.9418	78.3468
27780	24.9434	78.346
27795	24.9446	78.3456
27810	24.9458	78.3452
27825	24.947	78.3448
27840	24.9478	78.3448
27855	24.9486	78.3448
27870	24.9494	78.3448
27885	24.9502	78.3452
27900	24.9512	78.3454
27915	24.9522	78.3456
27930	24.9534	78.346
27945	24.9544	78.3464
27960	24.9554	78.3468
27975	24.956	78.3474
27990	24.9568	78.348
28005	24.9572	78.3484
28020	24.9574	78.349
28035	24.9578	78.3494
28050	24.9584	78.35
28065	24.959	78.3502
28080	24.9604	78.3504
28095	24.9622	78.3506
28110	24.9644	78.3504
28125	24.9672	78.3502
28140	24.9702	78.3498
28155	24.9738	78.3492
28170	24.9776	78.3484
28185	24.9816	78.3476
28200	24.9858	78.3464
28215	24.99	78.3452
28230	24.9942	78.3438
28245	24.9982	78.3424
28260	25.002	78.341
28275	25.0056	78.3394
28290	25.009	78.338
28305	25.0122	78.3364
28320	25.0154	78.335
28335	25.0186	78.3334
28350	25.0214	78.332
28365	25.0238	78.3306
28380	25.0262	78.3292
28395	25.0282	78.328
28410	25.0306	78.3268
28425	25.0328	78.3256
28440	25.0352	78.3246
28455	25.0376	78.3238
28470	25.0402	78.323
28485	25.0426	78.3222
28500	25.0448	78.3216
28515	25.0472	78.3212
28530	25.0492	78.3208
28545	25.051	78.3204
28560	25.0528	78.3204
28575	25.0542	78.3202
28590	25.0552	78.3204
28605	25.0564	78.3206
28620	25.0574	78.3208
28635	25.0578	78.3212
28650	25.058	78.3218
28665	25.0584	78.3224
28680	25.0584	78.3228
28695	25.0584	78.3236
28710	25.0584	78.3242
28725	25.0584	78.325
28740	25.0582	78.3258
28755	25.0578	78.3266
28770	25.0574	78.3274
28785	25.0568	78.3282
28800	25.0566	78.329
28815	25.0562	78.3296
28830	25.056	78.3302
28845	25.056	78.3306
28860	25.0562	78.331
28875	25.057	78.3312
28890	25.0584	78.3314
28905	25.0602	78.3314
28920	25.0626	78.3312
28935	25.0656	78.3308
28950	25.0686	78.3304
28965	25.0718	78.3296
28980	25.075	78.329
28995	25.0784	78.3282
29010	25.0816	78.3272
29025	25.0846	78.3262
29040	25.0872	78.3252
29055	25.0894	78.3242
29070	25.0912	78.3232
29085	25.0928	78.3224
29100	25.0942	78.3214
29115	25.0956	78.3206
29130	25.0968	78.3198
29145	25.0978	78.319
29160	25.0986	78.3184
29175	25.0992	78.3178
29190	25.0996	78.3174
29205	25.0996	78.317
29220	25.0996	78.3168
29235	25.0992	78.3168
29250	25.0986	78.3168
29265	25.0976	78.3172
29280	25.0968	78.3176
29295	25.0954	78.3182
29310	25.0938	78.3192
29325	25.0924	78.3202
29340	25.0906	78.3214
29355	25.0888	78.3228
29370	25.0868	78.3244
29385	25.085	78.326
29400	25.083	78.328
29415	25.0812	78.3298
29430	25.0792	78.332
29445	25.0772	78.3342
29460	25.0742	78.3376
29475	25.071	78.341
29490	25.069	78.3434
29505	25.0672	78.3456
29520	25.0654	78.3478
29535	25.064	78.35
29550	25.063	78.352
29565	25.0622	78.3538
29580	25.062	78.3556
29595	25.0626	78.357
29610	25.064	78.3584
29625	25.0658	78.3594
29640	25.068	78.3604
29655	25.0708	78.361
29670	25.0736	78.3616
29685	25.078	78.362
29700	25.0822	78.362
29715	25.0848	78.3618
29730	25.0872	78.3616
29745	25.0894	78.3612
29760	25.0912	78.3608
29775	25.0926	78.3604
29790	25.0938	78.36
29805	25.0948	78.3594
29820	25.0956	78.3588
29835	25.0962	78.3582
29850	25.0964	78.3578
29865	25.0966	78.357
29880	25.0968	78.3564
29895	25.0972	78.3558
29910	25.097	78.3552
29925	25.0966	78.3548
29940	25.096	78.3544
29955	25.0952	78.3542
29970	25.094	78.354
29985	25.0928	78.354
30000	25.0914	78.3542
30015	25.09	78.3544
30030	25.0886	78.3546
30045	25.0868	78.3552
30060	25.0838	78.356
30075	25.0808	78.357
30090	25.0788	78.3578
30105	25.0768	78.3588
30120	25.0748	78.3598
30135	25.0726	78.3606
30150	25.0704	78.3618
30165	25.068	78.3626
30180	25.0652	78.3636
30195	25.0624	78.3644
30210	25.0596	78.3652
30225	25.0568	78.366
30240	25.0544	78.3666
30255	25.0518	78.3672
30270	25.0494	78.3674
30285	25.0468	78.3676
30300	25.0442	78.3678
30315	25.0416	78.3678
30330	25.0392	78.3678
30345	25.0372	78.3676
30360	25.0352	78.3672
30375	25.0332	78.3666
30390	25.0308	78.3658
30405	25.0286	78.3648
30420	25.0246	78.3631
30435	25.02	78.3612
30450	25.017	78.3598
30465	25.014	78.3582
30480	25.0108	78.3568
30495	25.0076	78.3552
30510	25.0046	78.3538
30525	25.0018	78.3524
30540	24.9992	78.3508
30555	24.997	78.3494
30570	24.9954	78.348
30585	24.9934	78.3466
30600	24.9922	78.3454
30615	24.9914	78.3444
30630	24.9904	78.3436
30645	24.9896	78.3428
30660	24.9896	78.3428
30675	24.9882	78.3424
30690	24.9868	78.3422
30705	24.985	78.342
30720	24.9832	78.3422
30735	24.9802	78.3426
30750	24.9774	78.3434
30765	24.9754	78.3438
30780	24.9734	78.3444
30795	24.9714	78.3452
30810	24.9694	78.3458
30825	24.9674	78.3466
30840	24.9652	78.3474
30855	24.9632	78.3484
30870	24.961	78.3492
30885	24.959	78.3502
30900	24.957	78.3512
30915	24.9552	78.352
30930	24.9536	78.353
30945	24.9524	78.3538
30960	24.9516	78.3544
30975	24.9512	78.355
30990	24.9518	78.3554
31005	24.9528	78.3558
31020	24.9542	78.3558
31035	24.9562	78.3558
31050	24.9598	78.3552
31065	24.9636	78.3544
31080	24.9658	78.3536
31095	24.9678	78.3526
31110	24.9704	78.3516
31125	24.9726	78.3502
31140	24.9742	78.349
31155	24.9758	78.3478
31170	24.9774	78.3464
31185	24.979	78.345
31200	24.9806	78.3436
31215	24.9822	78.3422
31230	24.9836	78.3408
31245	24.985	78.3394
31260	24.9866	78.3382
31275	24.9882	78.337
31290	24.9898	78.336
31305	24.991	78.335
31320	24.9922	78.334
31335	24.9932	78.3332
31350	24.994	78.3326
31365	24.9946	78.332
31380	24.9954	78.3314
31395	24.996	78.331
31410	24.9964	78.3308
31425	24.9968	78.3306
31440	24.9972	78.3304
31455	24.9974	78.3304
31470	24.9976	78.3304
31485	24.9976	78.3306
31500	24.9976	78.3306
31515	24.9974	78.3308
31530	24.9972	78.3312
31545	24.9972	78.3316
31560	24.9969	78.3326
31575	24.9968	78.3336
31590	24.9968	78.3344
31605	24.9972	78.335
31620	24.9976	78.3358
31635	24.9978	78.3366
31650	24.9984	78.3372
31665	24.9986	78.338
31680	24.9998	78.3384
31695	25.001	78.3388
31710	25.0028	78.339
31725	25.0048	78.339
31740	25.0074	78.339
31755	25.0104	78.3388
31770	25.0159	78.3383
31785	25.022	78.3374
31800	25.0264	78.3368
31815	25.0308	78.3358
31830	25.035	78.3348
31845	25.0405	78.333
31860	25.0454	78.3312
31875	25.0484	78.3298
31890	25.0516	78.3284
31905	25.0542	78.3272
31920	25.0566	78.3258
31935	25.059	78.3244
31950	25.061	78.323
31965	25.063	78.3216
31980	25.065	78.3204
31995	25.0668	78.3192
32010	25.0668	78.3192
32025	25.0688	78.318
32040	25.0706	78.317
32055	25.0726	78.316
32070	25.074	78.3152
32085	25.0758	78.3144
32100	25.0772	78.3136
32115	25.0786	78.313
32130	25.0796	78.3126
32145	25.0806	78.3122
32160	25.0812	78.312
32175	25.0816	78.3118
32190	25.082	78.3118
32205	25.0822	78.3118
32220	25.0822	78.3118
32235	25.0822	78.312
32250	25.082	78.3124
32265	25.0818	78.3126
32280	25.0814	78.313
32295	25.081	78.3134
32310	25.0802	78.3138
32325	25.0796	78.3144
32340	25.0788	78.3148
32355	25.0778	78.3152
32370	25.0766	78.3158
32385	25.0754	78.3162
32400	25.0744	78.3166
32415	25.0736	78.317
32430	25.073	78.3172
32445	25.073	78.3174
32460	25.074	78.3172
32475	25.0756	78.317
32490	25.0776	78.3168
32505	25.0804	78.3162
32520	25.0834	78.3156
32535	25.0866	78.3146
32550	25.0896	78.3136
32565	25.0924	78.3124
32580	25.0952	78.3112
32595	25.098	78.3098
32610	25.1006	78.3084
32625	25.1032	78.307
32640	25.1058	78.3054
32655	25.1086	78.304
32670	25.111	78.3022
32685	25.1136	78.3006
32700	25.116	78.299
32715	25.1182	78.2972
32730	25.1204	78.2954
32745	25.1224	78.2936
32760	25.1244	78.2918
32775	25.1267	78.2894
32790	25.1288	78.2872
32805	25.1302	78.2858
32820	25.1316	78.2846
32835	25.1328	78.2836
32850	25.1338	78.2828
32865	25.1348	78.282
32880	25.1354	78.2816
32895	25.1362	78.2812
32910	25.1368	78.2808
32925	25.1374	78.2806
32940	25.1376	78.2806
32955	25.1376	78.2806
32970	25.1374	78.2806
32985	25.1372	78.2808
33000	25.1368	78.281
33015	25.136	78.2814
33030	25.1354	78.2818
33045	25.1344	78.2822
33060	25.1332	78.2828
33075	25.1324	78.2832
33090	25.1316	78.2838
33105	25.1308	78.2844
33120	25.1298	78.285
33135	25.129	78.2856
33150	25.128	78.286
33165	25.1274	78.2864
33180	25.1274	78.2866
33195	25.1274	78.2868
33210	25.1274	78.287
33225	25.128	78.287
33240	25.1292	78.287
33255	25.1308	78.2868
33270	25.1328	78.2866
33285	25.1352	78.2862
33300	25.1378	78.2856
33315	25.1402	78.2852
33330	25.1426	78.2844
33345	25.1448	78.2838
33360	25.147	78.283
33375	25.149	78.2822
33390	25.1508	78.2814
33405	25.1508	78.2814
33420	25.1524	78.2804
33435	25.1542	78.2796
33450	25.1556	78.2786
33465	25.157	78.2778
33480	25.1584	78.277
33495	25.1598	78.2762
33510	25.161	78.2754
33525	25.1622	78.2746
33540	25.1632	78.2742
33555	25.1644	78.2736
33570	25.1654	78.2732
33585	25.1658	78.2728
33600	25.1662	78.2726
33615	25.1662	78.2726
33630	25.166	78.2726
33645	25.1656	78.2726
33660	25.1648	78.2728
33675	25.1638	78.2732
33690	25.1628	78.2736
33705	25.1616	78.274
33720	25.1604	78.2746
33735	25.1592	78.2752
33750	25.1576	78.276
33765	25.1562	78.2768
33780	25.1546	78.2776
33795	25.153	78.2784
33810	25.1514	78.2794
33825	25.1498	78.2802
33840	25.148	78.281
33855	25.1462	78.2818
33870	25.1444	78.2826
33885	25.1428	78.2832
33900	25.1416	78.2838
33915	25.1404	78.2842
33930	25.1398	78.2846
33945	25.1396	78.2848
33960	25.14	78.2852
33975	25.141	78.2852
33990	25.1426	78.2852
34005	25.1448	78.285
34020	25.1472	78.2848
34035	25.15	78.2844
34050	25.153	78.284
34065	25.1562	78.2834
34080	25.1592	78.2826
34095	25.1622	78.282
34110	25.1648	78.281
34125	25.1674	78.2802
34140	25.1702	78.279
34155	25.1724	78.278
34170	25.1746	78.277
34185	25.1768	78.2758
34200	25.1786	78.2748
34215	25.1804	78.2736
34230	25.1822	78.2726
34245	25.1842	78.2716
34260	25.1862	78.2706
34275	25.1882	78.2696
34290	25.1904	78.2688
34305	25.1926	78.268
34320	25.1946	78.2672
34335	25.197	78.2666
34350	25.1988	78.266
34365	25.2006	78.2656
34380	25.202	78.2652
34395	25.2032	78.265
34410	25.204	78.2648
34425	25.2048	78.2648
34440	25.2052	78.2648
34455	25.2056	78.265
34470	25.2058	78.2652
34485	25.2062	78.2656
34500	25.2064	78.266
34515	25.2066	78.2664
34530	25.207	78.2668
34545	25.2072	78.2674
34560	25.2076	78.2678
34575	25.208	78.2684
34590	25.2084	78.269
34605	25.2088	78.2694
34620	25.2086	78.2698
34635	25.2092	78.2702
34650	25.2096	78.2706
34665	25.2102	78.2708
34680	25.2108	78.271
34695	25.2116	78.2712
34710	25.2124	78.2712
34725	25.2136	78.2712
34740	25.215	78.271
34755	25.2168	78.2708
34770	25.2188	78.2706
34785	25.2208	78.2702
34800	25.223	78.2698
34815	25.2254	78.2692
34830	25.228	78.2686
34845	25.2308	78.268
34860	25.2336	78.2672
34875	25.2336	78.2672
34890	25.2366	78.2662
34905	25.2392	78.2654
34920	25.2416	78.2644
34935	25.2436	78.2634
34950	25.246	78.2622
34965	25.248	78.2612
34980	25.25	78.2602
34995	25.252	78.2592
35010	25.2536	78.258
35025	25.2552	78.257
35040	25.2568	78.256
35055	25.2584	78.2552
35070	25.26	78.2544
35085	25.2616	78.2536
35100	25.2632	78.253
35115	25.2648	78.2524
35130	25.266	78.252
35145	25.2672	78.2516
35160	25.2684	78.2514
35175	25.2694	78.2512
35190	25.2706	78.251
35205	25.2714	78.251
35220	25.2722	78.251
35235	25.2728	78.251
35250	25.2734	78.2508
35265	25.274	78.251
35280	25.2744	78.251
35295	25.2748	78.251
35310	25.275	78.2508
35325	25.2754	78.251
35340	25.2758	78.251
35355	25.2764	78.2508
35370	25.2772	78.2508
35385	25.278	78.2506
35400	25.279	78.2504
35415	25.2804	78.25
35430	25.282	78.2496
35445	25.2836	78.2492
35460	25.2852	78.2486
35475	25.2872	78.248
35490	25.2892	78.2472
35505	25.2916	78.2462
35520	25.294	78.2452
35535	25.297	78.244
35550	25.2998	78.2428
35565	25.303	78.2414
35580	25.3068	78.2398
35595	25.3106	78.238
35610	25.3142	78.2362
35625	25.3176	78.2344
35640	25.3208	78.2326
35655	25.3238	78.2308
35670	25.327	78.2292
35685	25.3302	78.2274
35700	25.3332	78.2256
35715	25.3364	78.224
35730	25.3392	78.2224
35745	25.342	78.221
35760	25.3444	78.2196
35775	25.3468	78.2182
35790	25.3492	78.217
35805	25.3514	78.2156
35820	25.3536	78.2146
35835	25.3556	78.2134
35850	25.3572	78.2124
35865	25.3588	78.2114
35880	25.36	78.2104
35895	25.3612	78.2096
35910	25.3622	78.2088
35925	25.3632	78.208
35940	25.364	78.2074
35955	25.3648	78.2068
35970	25.3654	78.2062
35985	25.3662	78.2056
36000	25.3668	78.2052
36015	25.3676	78.2048
36030	25.3684	78.2046
36045	25.3692	78.2044
36060	25.3702	78.204
36075	25.371	78.2038
36090	25.3716	78.2036
36105	25.3722	78.2032
36120	25.3726	78.203
36135	25.3728	78.2028
36150	25.3732	78.2026
36165	25.3734	78.2024
36180	25.3738	78.2022
36195	25.3742	78.202
36210	25.3746	78.2018
36225	25.3752	78.2016
36240	25.3758	78.2014
36255	25.3766	78.201
36270	25.3774	78.2008
36285	25.3784	78.2004
36300	25.3796	78.2
36315	25.3812	78.1994
36330	25.383	78.1988
36345	25.385	78.1982
36360	25.3872	78.1974
36375	25.3894	78.1966
36390	25.3916	78.1958
36405	25.3938	78.1948
36420	25.3962	78.1938
36435	25.3988	78.1928
36450	25.4014	78.1916
36465	25.404	78.1906
36480	25.404	78.1906
36495	25.407	78.1894
36510	25.41	78.1882
36525	25.4128	78.1872
36540	25.4156	78.186
36555	25.4184	78.1848
36570	25.4212	78.1838
36585	25.4238	78.1828
36600	25.4262	78.1818
36615	25.429	78.1808
36630	25.4312	78.18
36645	25.4336	78.1792
36660	25.4356	78.1784
36675	25.4376	78.1778
36690	25.4394	78.1772
36705	25.4412	78.1768
36720	25.4428	78.1766
36735	25.4442	78.1764
36750	25.4456	78.1762
36765	25.4468	78.1762
36780	25.4482	78.176
36795	25.4492	78.1762
36810	25.4502	78.1762
36825	25.4512	78.1764
36840	25.4516	78.1766
36855	25.4524	78.1768
36870	25.4528	78.177
36885	25.453	78.1772
36900	25.4532	78.1776
36915	25.4534	78.178
36930	25.4535	78.1781
36945	25.4538	78.1786
36960	25.4546	78.179
36975	25.4552	78.1792
36990	25.456	78.1794
37005	25.4568	78.1794
37020	25.4576	78.1796
37035	25.4586	78.1796
37050	25.4594	78.1794
37065	25.4608	78.1794
37080	25.4624	78.1792
37095	25.464	78.1788
37110	25.4658	78.1784
37125	25.4678	78.178
37140	25.4698	78.1774
37155	25.4716	78.1768
37170	25.4736	78.176
37185	25.4754	78.1752
37200	25.4772	78.1744
37215	25.4792	78.1736
37230	25.481	78.1728
37245	25.4828	78.1718
37260	25.4844	78.1708
37275	25.4858	78.17
37290	25.487	78.169
37305	25.488	78.1682
37320	25.4892	78.1674
37335	25.49	78.1664
37350	25.491	78.1656
37365	25.4916	78.165
37380	25.4922	78.1644
37395	25.4924	78.164
37410	25.4928	78.1634
37425	25.493	78.1632
37440	25.493	78.163
37455	25.4926	78.1628
37470	25.4922	78.1628
37485	25.4918	78.1628
37500	25.4908	78.163
37515	25.49	78.1632
37530	25.489	78.1634
37545	25.488	78.1636
37560	25.4868	78.1642
37575	25.4856	78.1646
37590	25.4846	78.165
37605	25.4834	78.1656
37620	25.4822	78.1662
37635	25.4812	78.1668
37650	25.4798	78.1674
37665	25.4788	78.1682
37680	25.478	78.1688
37695	25.4772	78.1694
37710	25.476	78.17
37725	25.4756	78.1706
37740	25.4748	78.1712
37755	25.474	78.1716
37770	25.4734	78.172
37785	25.4724	78.1722
37800	25.472	78.1724
37815	25.472	78.1726
37830	25.4716	78.1726
37845	25.4718	78.1724
37860	25.4724	78.1722
37875	25.4728	78.172
37890	25.4734	78.1716
37905	25.474	78.1712
37920	25.4746	78.1706
37935	25.4754	78.17
37950	25.476	78.1694
37965	25.4764	78.1688
37980	25.477	78.168
37995	25.4774	78.1672
38010	25.4778	78.1666
38025	25.478	78.1658
38040	25.478	78.165
38055	25.4782	78.1642
38070	25.478	78.1636
38085	25.4782	78.163
38100	25.4782	78.1624
38115	25.478	78.162
38130	25.478	78.1616
38145	25.4778	78.1612
38160	25.4776	78.1608
38175	25.4772	78.1608
38190	25.477	78.1606
38205	25.4764	78.1606
38220	25.476	78.1606
38235	25.4752	78.1606
38250	25.4744	78.1608
38265	25.4734	78.161
38280	25.4724	78.1614
38295	25.4714	78.1618
38310	25.4702	78.1622
38325	25.4692	78.1628
38340	25.468	78.1636
38355	25.4668	78.1642
38370	25.466	78.165
38385	25.4648	78.1658
38400	25.4638	78.1666
38415	25.4628	78.1676
38430	25.462	78.1686
38445	25.4612	78.1696
38460	25.4608	78.1706
38475	25.4602	78.1718
38490	25.4594	78.1728
38505	25.4592	78.1736
38520	25.4592	78.1746
38535	25.4594	78.1756
38550	25.4596	78.1764
38565	25.46	78.1772
38580	25.4608	78.178
38595	25.4618	78.1786
38610	25.4628	78.1794
38625	25.464	78.18
38640	25.4654	78.1808
38655	25.4672	78.1814
38670	25.4694	78.1818
38685	25.4718	78.1824
38700	25.4742	78.1828
38715	25.4768	78.1832
38730	25.479	78.1836
38745	25.4812	78.184
38760	25.4832	78.1844
38775	25.4852	78.185
38790	25.487	78.1854
38805	25.4888	78.186
38820	25.4904	78.1866
38835	25.4918	78.1872
38850	25.4932	78.188
38865	25.495	78.1888
38880	25.4968	78.1896
38895	25.4984	78.1906
38910	25.5	78.1918
38925	25.5014	78.1932
38940	25.5026	78.1948
38955	25.5036	78.1966
38970	25.5056	78.1986
38985	25.5078	78.2006
39000	25.5096	78.2028
39015	25.5114	78.205
39030	25.5134	78.2074
39045	25.5152	78.21
39060	25.517	78.213
39075	25.519	78.216
39090	25.5216	78.2192
39105	25.524	78.222
39120	25.5264	78.2252
39135	25.5288	78.2284
39150	25.5306	78.2316
39165	25.5322	78.235
39180	25.534	78.2382
39195	25.5356	78.2418
39210	25.5374	78.2452
39225	25.5398	78.249
39240	25.5398	78.249
39255	25.5426	78.2524
39270	25.5472	78.2562
39285	25.5518	78.2596
39300	25.5572	78.263
39315	25.5626	78.2662
39330	25.5686	78.2694
39345	25.5744	78.2728
39360	25.5804	78.2758
39375	25.587	78.2786
39390	25.5942	78.2814
39405	25.602	78.2836
39420	25.6104	78.2856
39435	25.6192	78.2872
39450	25.6286	78.2886
39465	25.6382	78.2898
39480	25.6476	78.2904
39495	25.6568	78.2906
39510	25.666	78.2908
39525	25.675	78.2906
39540	25.6848	78.29
39555	25.6946	78.2894
39570	25.7044	78.2884
39585	25.7144	78.2874
39600	25.7238	78.2862
39615	25.7326	78.285
39630	25.741	78.2838
39645	25.749	78.2824
39660	25.7564	78.281
39675	25.7644	78.2796
39690	25.7722	78.2784
39705	25.7802	78.277
39720	25.7872	78.2758
39735	25.7932	78.2746
39750	25.799	78.2734
39765	25.804	78.2726
39780	25.8094	78.2716
39795	25.8148	78.271
39810	25.8204	78.2704
39825	25.8268	78.2698
39840	25.8326	78.2692
39855	25.8378	78.2686
39870	25.8422	78.2682
39885	25.8472	78.268
39900	25.8528	78.2678
39915	25.8586	78.2674
39930	25.8642	78.267
39945	25.8694	78.2666
39960	25.8738	78.2664
39975	25.8776	78.2664
39990	25.8814	78.2664
40005	25.8854	78.2664
40020	25.8898	78.2664
40035	25.8954	78.2664
40050	25.902	78.2662
40065	25.9096	78.2658
40080	25.9176	78.2654
40095	25.9262	78.2648
40110	25.9356	78.2642
40125	25.9446	78.2636
40140	25.9544	78.2628
40155	25.9646	78.2622
40170	25.9746	78.2612
40185	25.9852	78.2598
40200	25.9954	78.2586
40215	26.0058	78.257
40230	26.0164	78.2552
40245	26.0266	78.2532
40260	26.0362	78.2512
40275	26.0462	78.249
40290	26.0558	78.2466
40305	26.0648	78.244
40320	26.0734	78.2416
40335	26.081	78.2388
40350	26.0868	78.2358
40365	26.091	78.2322
40380	26.094	78.2288
40395	26.0964	78.2252
40410	26.0984	78.2218
40425	26.1004	78.2184
40440	26.1012	78.2154
40455	26.1022	78.2126
40470	26.104	78.21
40485	26.104	78.21
40500	26.1064	78.2074
40515	26.109	78.2048
40530	26.1118	78.2024
40545	26.1154	78.1998
40560	26.1194	78.1974
40575	26.123	78.1952
40590	26.127	78.193
40605	26.1312	78.1906
40620	26.135	78.1882
40635	26.1384	78.1858
40650	26.1416	78.1834
40665	26.1442	78.1812
40680	26.147	78.179
40695	26.1504	78.1768
40710	26.1532	78.1748
40725	26.1574	78.1728
40740	26.1614	78.1706
40755	26.166	78.1684
40770	26.171	78.1662
40785	26.176	78.164
40800	26.1812	78.1616
40815	26.1864	78.159
40830	26.1916	78.1564
40845	26.1972	78.1536
40860	26.2028	78.1508
40875	26.2084	78.1476
40890	26.2138	78.1444
40905	26.2186	78.141
40920	26.223	78.1374
40935	26.2274	78.1336
40950	26.2316	78.1298
40965	26.2356	78.1258
40980	26.239	78.1216
40995	26.2418	78.1172
41010	26.2446	78.1126
41025	26.2474	78.1082
41040	26.2508	78.1034
41055	26.2542	78.0986
41070	26.2572	78.094
41085	26.26	78.089
41100	26.2628	78.084
41115	26.265	78.0788
41130	26.2664	78.0736
41145	26.2672	78.0682
41160	26.2678	78.063
41175	26.2682	78.0578
41190	26.268	78.053
41205	26.268	78.053
41220	26.2698	78.0482
41235	26.2712	78.0438
41250	26.2732	78.0394
41265	26.2754	78.035
41280	26.2784	78.0306
41295	26.282	78.0264
41310	26.2858	78.0222
41325	26.2898	78.018
41340	26.2934	78.014
41355	26.2972	78.01
41370	26.3008	78.0062
41385	26.3038	78.0022
41400	26.307	77.9984
41415	26.3098	77.995
41430	26.313	77.9918
41445	26.3177	77.9871
41460	26.3224	77.9826
41475	26.3244	77.9796
41490	26.326	77.9766
41505	26.3266	77.9736
41520	26.327	77.9706
41535	26.3278	77.9676
41550	26.3288	77.9646
41565	26.3312	77.9616
41580	26.3346	77.9586
41595	26.3374	77.9554
41610	26.3412	77.952
41625	26.3446	77.9484
41640	26.3482	77.9444
41655	26.3522	77.9402
41670	26.3566	77.9358
41685	26.361	77.9314
41700	26.3642	77.9266
41715	26.3656	77.9216
41730	26.3662	77.9166
41745	26.3666	77.9114
41760	26.3664	77.9066
41775	26.3664	77.9014
41790	26.3658	77.8966
41805	26.3644	77.8914
41820	26.3626	77.8864
41835	26.3604	77.881
41850	26.3578	77.8758
41865	26.3546	77.8704
41880	26.3516	77.8658
41895	26.348	77.8608
41910	26.3442	77.856
41925	26.3406	77.8514
41940	26.3364	77.8466
41955	26.3316	77.8422
41970	26.3266	77.838
41985	26.3212	77.834
42000	26.3156	77.8302
42015	26.31	77.8268
42030	26.3052	77.8234
42045	26.3012	77.8206
42060	26.2974	77.8178
42075	26.2934	77.8154
42090	26.2898	77.8132
42105	26.2864	77.8112
42120	26.2834	77.8096
42135	26.281	77.808
42150	26.279	77.8068
42165	26.2776	77.8058
42180	26.2766	77.8048
42195	26.2766	77.8042
42210	26.2776	77.8036
42225	26.2792	77.8028
42240	26.2814	77.8018
42255	26.2842	77.801
42270	26.2874	77.8004
42285	26.2906	77.7996
42300	26.294	77.7986
42315	26.2974	77.7974
42330	26.3008	77.796
42345	26.3042	77.7946
42360	26.3074	77.7928
42375	26.31	77.791
42390	26.3112	77.789
42405	26.3112	77.7866
42420	26.3104	77.7842
42435	26.3088	77.7816
42450	26.3062	77.7788
42465	26.3038	77.7758
42480	26.3016	77.7726
42495	26.2986	77.7692
42510	26.2952	77.7656
42525	26.2914	77.7616
42540	26.288	77.7578
42555	26.2846	77.7538
42570	26.2806	77.7498
42585	26.2756	77.7456
42600	26.27	77.7418
42615	26.263	77.7378
42630	26.2558	77.7338
42645	26.2474	77.7298
42660	26.2382	77.7258
42675	26.2284	77.722
42690	26.2188	77.7184
42705	26.2086	77.715
42720	26.199	77.712
42735	26.1894	77.7092
42750	26.18	77.7068
42765	26.171	77.7044
42780	26.1624	77.7024
42795	26.1542	77.7008
42810	26.1466	77.6994
42825	26.1398	77.6982
42840	26.1336	77.6972
42855	26.1278	77.6964
42870	26.1218	77.6958
42885	26.1162	77.6956
42900	26.1108	77.6954
42915	26.1058	77.6956
42930	26.1018	77.696
42945	26.0988	77.6964
42960	26.0966	77.6972
42975	26.0952	77.6978
42990	26.0944	77.6986
43005	26.0944	77.6992
43020	26.0948	77.6996
43035	26.0954	77.7
43050	26.0964	77.7004
43065	26.0978	77.7004
43080	26.0992	77.7004
43095	26.1006	77.7002
43110	26.1018	77.6998
43125	26.103	77.6992
43140	26.1044	77.6984
43155	26.1058	77.6972
43170	26.1072	77.6958
43185	26.1084	77.6938
43200	26.1096	77.6914
43215	26.1096	77.6914
